title,price,link_item,index,discount,sales,category
Đồ đôi đi biển dã ngoại xinh xắn dành cho gia đình (giá 1 bộ gồm 1 quần + 1 áo),99.000₫,https://tiki.vn/do-doi-di-bien-da-ngoai-xinh-xan-danh-cho-gia-dinh-gia-1-bo-gom-1-quan-1-ao-p248273693.html?spid=248275429,1,,,dodoi
Áo đôi áo cặp Áo đôi nam nữ đẹp Set váy sơ mi đôi màu trắng và vàng Hàn Quốc AV89,299.000₫,https://tiki.vn/ao-doi-ao-cap-freeship-ao-doi-nam-nu-dep-set-vay-so-mi-doi-mau-trang-va-vang-han-quoc-av89-p96238393.html?spid=100546911,2,,Đã bán 1,dodoi
áo đôi nam nữ ️️ váy áo đôi sơ mi dễ thương chụp ảnh du lịch chất đẹp màu hồng AV46,299.000₫,https://tiki.vn/a-o-doi-nam-nu-freeship-va-y-a-o-doi-so-mi-de-thuong-chu-p-a-nh-du-li-ch-cha-t-de-p-ma-u-ho-ng-av46-p96241530.html?spid=100549196,3,,,dodoi
Áo Sơ Mi Cặp Đôi In Chữ,180.700,https://tiki.vn/ao-so-mi-cap-doi-in-chu-p91953057.html?spid=91953129,4,,Đã bán 2,dodoi
,,https://tiki.vn/set-vay-ao-so-mi-doi-couple-tina-nam-nu-dep-hang-cao-cap-p146381983.html?spid=146381993,5,,,dodoi
Áo thun champion phong cách thời trang cá tính,53.000₫,https://tiki.vn/ao-thun-champion-phong-cach-thoi-trang-ca-tinh-p190363237.html?spid=190363854,6,,,dodoi
Áo sơ mi cặp dài tay in hình trái tim,145.000₫,https://tiki.vn/ao-so-mi-cap-dai-tay-in-hinh-trai-tim-p76176218.html?spid=76176230,7,,,dodoi
Áo đôi nam nữ Set áo váy sơ mi cặp couple Hàn Quốc đi du lịch chụp hình cưới,299.000₫,https://tiki.vn/ao-doi-nam-nu-set-ao-vay-so-mi-cap-couple-han-quoc-di-du-lich-chup-hinh-cuoi-p86263543.html?spid=86263555,8,,Đã bán 4,dodoi
ÁO VÁY ĐÔI NAM NỮ CHỤP ẢNH CƯỚI - CS166,299.000,https://tiki.vn/ao-vay-doi-nam-nu-chup-anh-cuoi-cs166-p162054345.html?spid=263983551,9,,,dodoi
,,https://tiki.vn/ao-polo-gia-dinh-3-4-5-nguoi-p207329215.html?spid=207329363,10,,,dodoi
"Áo Thun cặp Nam-Nữ in HÌNH 2 CON THỎ cực dễ thương , thích hợp cho các cặp đôi trẻ trung, năng động, cho các nhóm bạn đi đêm, đi phượt, bão, nhìn đã mắt, bao ngầu, bao chất",119.000₫,https://tiki.vn/ao-thun-cap-nam-nu-in-hinh-2-con-tho-cuc-de-thuong-thich-hop-cho-cac-cap-doi-tre-trung-nang-dong-cho-cac-nhom-ban-di-dem-di-phuot-bao-nhin-da-mat-bao-ngau-bao-chat-p68887954.html?spid=76045707,11,,Đã bán 11,dodoi
Áo Lớp - Đồng Phục - Team Work - Học Hết Sức Chơi Hết Mình,25.000₫,https://tiki.vn/ao-lop-dong-phuc-team-work-hoc-het-suc-choi-het-minh-p105549303.html?spid=105549420,12,,,dodoi
,,https://tiki.vn/ao-thun-ao-gia-dinh-love-family-p97256959.html?spid=97257081,13,,,dodoi
Áo thun gia đình 3/4/5 người Đồ gia đình dễ thương giá rẻ Thun cotton dày dặn Màu trắng (GD305T,49.000₫,https://tiki.vn/ao-gia-dinh-de-thuong-thun-cotton-mau-trang-gd305t-p132139110.html?spid=132141955,14,,,dodoi
Áo gia đình mẫu mickey Đồng phục gia đình 3/4/5 người Thun cotton dày dặn Màu trắng GD323T,49.000₫,https://tiki.vn/ao-gia-dinh-con-gau-thun-cotton-du-size-gd323t-p132130627.html?spid=132130924,15,,Đã bán 3,dodoi
Áo gia đình cầu vòng Đồng phục gia đình 3/4/5 người giá rẻ Thun cotton Màu thiên thanh GD321TT,49.000₫,https://tiki.vn/ao-gia-dinh-cau-vong-thun-cotton-mau-thien-thanh-gd321tt-p132125782.html?spid=132125821,16,,Đã bán 7,dodoi
"ÁO NHÓM, ÁO GIA ĐÌNH Thu đông - LOVE",75.000₫,https://tiki.vn/ao-nhom-gia-dinh-thu-dong-love-p105121316.html?spid=105121897,17,,,dodoi
,,https://tiki.vn/ao-gia-dinh-cao-cap-thun-cotton-mau-vang-gd316vd-p132131916.html?spid=132134620,18,,,dodoi
Đồ Đi Biển Gia Đình Có Cổ .Chất Liệu Thun Poly Thái 4 Chiều Đủ Size Cho Tất Cả Các Thành Viên Từ 8 Đến 100kg,80.000₫,https://tiki.vn/do-di-bien-gia-dinh-co-co-chat-lieu-thun-poly-thai-4-chieu-du-size-cho-tat-ca-cac-thanh-vien-tu-8-den-100kg-p207326919.html?spid=207326958,19,,,dodoi
Đồ gia đình đi biển xinh xắn ( giá 1 bộ luôn quần và áo),109.000₫,https://tiki.vn/do-gia-dinh-di-bien-xinh-xan-gia-1-bo-luon-quan-va-ao-p248275097.html?spid=248276622,20,,,dodoi
Set đồ đôi váy nữ hở vai áo sơ mi nam cổ V Hàn Quốc couple AV55,299.000₫,https://tiki.vn/set-do-doi-vay-nu-ho-vai-ao-so-mi-nam-co-v-han-quoc-couple-av55-p96241947.html?spid=100558291,21,,,dodoi
BST Áo Sơ Mi Cặp Đôi FENDI Cao Cấp | Áo Đôi Nam Nữ FENDI Đẹp,139.000₫,https://tiki.vn/bst-ao-so-mi-cap-doi-fendi-cao-cap-ao-doi-nam-nu-fendi-dep-p104114928.html?spid=104115172,22,,,dodoi
Áo cặp đôi nam nữ đẹp sơ mi Hàn Quốc dáng dài Mẫu Mới nhất - Couple Tina,299.000₫,https://tiki.vn/ao-cap-doi-nam-nu-dep-so-mi-han-quoc-dang-dai-mau-moi-nhat-couple-tina-p106893010.html?spid=106893018,23,,Đã bán 2,dodoi
Set váy áo đôi sơ mi màu xanh quyến rũ,299.000₫,https://tiki.vn/set-vay-ao-doi-so-mi-mau-xanh-quyen-ru-p146383259.html?spid=146383269,24,,,dodoi
Set váy áo đôi nam nữ bán chạy,299.000,https://tiki.vn/set-vay-ao-doi-nam-nu-ban-chay-p263983947.html?spid=263983961,25,,,dodoi
,,https://tiki.vn/ao-gia-dinh-di-bien-cotton-du-size-5kg-110kg-p10769878.html?spid=10769882,26,,,dodoi
Vịt Leo Cầu Thang Đồ Chơi Cho Bé Phát Nhạc Và Đèn Ngộ Nghĩnh,20.000₫,https://tiki.vn/vit-leo-cau-thang-do-choi-cho-be-phat-nhac-va-den-ngo-nghinh-p203774740.html?spid=203774746,27,,Đã bán 2,dodoi
Đồ Chơi Con Vịt Đi Xe Máy Ngộ Nghĩnh Đáng Yêu Cho Bé Ấn Là Chạy,32.000₫,https://tiki.vn/do-choi-con-vit-di-xe-may-ngo-nghinh-dang-yeu-cho-be-an-la-chay-p202495199.html?spid=202495201,28,,Đã bán 1,dodoi
Áo và quần đôi đi biển ĐỦ SIZE (DDB13T),195.000₫,https://tiki.vn/ao-va-quan-doi-di-bien-du-size-ddb13t-p95901057.html?spid=95904414,29,,Đã bán 3,dodoi
Áo thun gia đình 3/4/5 người Đồ gia đình dễ thương giá rẻ Thun cotton dày dặn Màu hồng phấn GD318HN,49.000₫,https://tiki.vn/ao-gia-dinh-trai-tim-thun-cotton-du-size-gd318hn-p129920017.html?spid=129920035,30,,,dodoi
,,https://tiki.vn/ao-gia-dinh-cau-vong-thun-cotton-mau-trang-gd304t-p132133758.html?spid=132136501,31,,,dodoi
Áo thun gia đình mẫu màu cam GD340 dễ thương đồ đồng phục độc đáo thun dày dặn DONGPHUCSG,25.000₫,https://tiki.vn/ao-thun-gia-dinh-happy-family-cao-cap-mau-cam-gd340cn-p132139617.html?spid=132141206,32,,Đã bán 7,dodoi
Áo Thun Cặp Đôi Bông Hoa Cần Ánh Mặt Trời DB005,200.000₫,https://tiki.vn/ao-thun-cap-warm-sunshine-db005-p205795053.html?spid=206137081,33,,,dodoi
"Đồ đôi đi biển mẫu mới chất vải đẹp, áo in họa tiết xinh xắn sắc nét thời trang, giá nguyên bộ luôn quần và áo",109.000₫,https://tiki.vn/do-doi-di-bien-mau-moi-chat-vai-dep-ao-in-hoa-tiet-xinh-xan-sac-net-thoi-trang-gia-nguyen-bo-luon-quan-va-ao-p248275028.html?spid=248276600,34,,,dodoi
Đồ gia đình . Áo Polo Đồng Phục,80.000₫,https://tiki.vn/do-gia-dinh-ao-polo-dong-phuc-p207326415.html?spid=207326715,35,,,dodoi
,,https://tiki.vn/ao-gia-dinh-co-co-3-4-5-nguoi-p207329608.html?spid=207329638,36,,,dodoi
"Đồ đôi đẹp, Sét Đôi Họa tiết Đi biển nam nữ cực đẹp",299.000₫,https://tiki.vn/do-doi-dep-set-doi-hoa-tiet-di-bien-nam-nu-cuc-dep-p68434978.html?spid=68434980,37,,,dodoi
Áo Váy đôi trắng chụp ảnh cưới cực sang - Couple Tina,299.000₫,https://tiki.vn/ao-vay-doi-trang-chup-anh-cuoi-cuc-sang-couple-tina-p73107760.html?spid=73107776,38,,,dodoi
"Áo thun đôi, áo thun cặp, áo thun tình nhân, áo tay lỡ unisex from rộng nam nữ, áo thun in hình, áo kiểu, áo bigsize",110.000₫,https://tiki.vn/ao-thun-doi-ao-thun-cap-ao-thun-tinh-nhan-ao-tay-lo-unisex-from-rong-nam-nu-ao-thun-in-hinh-ao-kieu-ao-bigsize-p106657493.html?spid=106657499,39,,,dodoi
Áo đôi: Váy cổ bẻ giả somi + Áo thun nam cổ bẻ,270.000,https://tiki.vn/ao-doi-vay-co-be-gia-somi-ao-thun-nam-co-be-p105337702.html?spid=105337902,40,,,dodoi
