title,price,link_item,index,discount,sales,category
Áo Thun Nam Trắng Mịn Hàn Quốc THUNTRANG99 (Thun Trắng),79.000₫,https://tiki.vn/ao-thun-nam-trang-min-han-quoc-thuntrang99-thun-trang-p16259769.html?spid=16259773,1,-59%,Đã bán 57,aothun
"Áo Thun nam HÀNG HIỆU đa phong cách (Chọn Màu), Vải thun cotton có điểm đặc biệt, thân thiện với làn da, co giãn và khả năng thấm hút tốt",70.000₫,https://tiki.vn/ao-thun-nam-100-cotton-cao-cap-d06-ma-u-va-ng-p249414312.html?spid=7011399,2,-20%,Đã bán 13,aothun
Áo Vans Mn Left Chest Logo Tee - VN0A3CZEYB2,750.000₫,https://tiki.vn/ao-vans-mn-left-chest-logo-tee-vn0a3czeyb2-p179969689.html?spid=179969699,3,-30%,,aothun
Áo Converse Go-To Embroidered Star Chevron Tee Converse All Star Gender Free 10023876-A05,390.000,https://tiki.vn/ao-converse-go-to-embroidered-star-chevron-tee-converse-all-star-gender-free-10023876-a05-p215531876.html?spid=215531878,4,,,aothun
,,https://tiki.vn/ao-thun-polo-hoa-tiet-noi-thoi-trang-form-big-size-85-den-140kg-p241994541.html?spid=241994551,5,,,aothun
Áo Thun Lót Nam tay dài Khatoco A5MN250R2-VNMA004-2407-D,200.000₫,https://tiki.vn/ao-thun-lot-nam-tay-dai-khatoco-a5mn250r2-vnma004-2407-d-p273584617.html?spid=273584627,6,-17%,,aothun
Áo Converse Play All Day Ss Tee Creative 10025272-A02,385.000₫,https://tiki.vn/ao-converse-play-all-day-ss-tee-creative-10025272-a02-p273189584.html?spid=273196505,7,-50%,,aothun
"Áo thun siêu phẩm 7 Viên Ngọc Rồng Dragon Ball, mã DB2. Áo phông in hình anime manga cao cấp cho nam nữ teen trẻ em",69.000₫,https://tiki.vn/ao-thun-sieu-pham-7-vien-ngoc-rong-ma-db2-ao-phong-in-hinh-anime-manga-cao-cap-cho-nam-nu-teen-tre-em-p273436120.html?spid=273436160,8,-47%,Đã bán 1,aothun
Áo thun tay dài form rộng unisex - Sweater brooklyn 1992,59.000₫,https://tiki.vn/ao-thun-tay-dai-brooklyn-unisex-p68920029.html?spid=68920033,9,,,aothun
,,https://tiki.vn/ao-phong-nam-nu-unisex-tay-lo-thun-form-rong-teen-co-tron-oversize-cotton-gia-re-basic-den-trang-tee-pull-freesize-prefted-p117922877.html?spid=185248711,10,,,aothun
"Born free but now i am expensive, mã G40. Áo thun nam nữ siêu đẹp, áo phông in chữ siêu đẹp",105.000₫,https://tiki.vn/born-free-but-now-i-am-expensive-ma-g40-ao-thun-nam-nu-sieu-dep-p164252757.html?spid=164252781,11,,,aothun
Áo phông unisex form rộng nữ nam thun unisex cổ tròn cotton oversize giá rẻ in hình Henri Martis,52.000₫,https://tiki.vn/ao-phong-unisex-form-rong-nu-nam-thun-unisex-co-tron-cotton-oversize-gia-re-in-hinh-henri-martis-p117920406.html?spid=185248920,12,,,aothun
,,https://tiki.vn/ao-phong-nam-nu-form-rong-2n-unisex-thun-cotton-theu-chu-vien-chi-mau-do-den-p272449363.html?spid=272449367,13,,,aothun
"Áo ba lỗ thể thao nam thun lạnh 4 chiều thoáng mát, form ôm body DOGYMSHOP",139.000₫,https://tiki.vn/ao-ba-lo-the-thao-nam-thun-lanh-4-chieu-thoang-mat-form-om-body-dogymshop-p270252952.html?spid=270252970,14,,,aothun
Áo thun unisex tay lỡ form rộng Bad Couple Teddy đầy đủ tag cổ tag tay || Hany shop,338.000₫,https://tiki.vn/ao-thun-unisex-tay-lo-form-rong-bad-couple-teddy-day-du-tag-co-tag-tay-hany-shop-p151521355.html?spid=151521414,15,,,aothun
Áo Thun,150.000₫,https://tiki.vn/ao-thun-p168953127.html?spid=168953128,16,,,aothun
ÁO THUN UNISEX NAM NỮ (CÓ BIG SIZE) tượng đầu lâu bị vỡ làm ba,155.000,https://tiki.vn/ao-thun-unisex-nam-nu-co-big-size-tuong-dau-lau-bi-vo-lam-ba-p248668418.html?spid=248668563,17,,,aothun
,,https://tiki.vn/combo-ao-mu-ao-thun-den-free-fire-in-hinh-booyah-tang-1-non-luoi-chai-free-fire-ao-thun-du-size-phom-danh-cho-ca-nam-va-nu-p73744130.html?spid=73744138,18,,,aothun
Combo Áo + nón Áo thun màu đen in hình Quỷ kiếm Game Free Fire tặng 1 nón lưỡi chai Free Fire chất liệu kaki thêu sắc nét,109.000₫,https://tiki.vn/combo-ao-non-ao-thun-mau-den-in-hinh-quy-kiem-game-free-fire-tang-1-non-luoi-chai-free-fire-chat-lieu-kaki-theu-sac-net-p73744783.html?spid=73744789,19,,Đã bán 70,aothun
Áo thun nam tay lỡ Toounique cotton phông unisex,149.000₫,https://tiki.vn/ao-thun-nam-tay-lo-toounique-cotton-phong-unisex-p165678563.html?spid=165678606,20,,Đã bán 6,aothun
Áo thun nam dài tay xuất Hàn PROM (nhiều màu),175.000₫,https://tiki.vn/ao-thun-nam-dai-tay-xuat-han-prom-nhieu-mau-p179517918.html?spid=179517954,21,,,aothun
ÁO THUN UNISEX NAM NỮ (CÓ BIG SIZE) cọp vàng tam giác,155.000₫,https://tiki.vn/ao-thun-unisex-nam-nu-co-big-size-cop-vang-tam-giac-p248668513.html?spid=248669314,22,,,aothun
ÁO THUN UNISEX NAM NỮ (CÓ BIG SIZE) bad boy tay cầm cổ áo,155.000₫,https://tiki.vn/ao-thun-unisex-nam-nu-co-big-size-bad-boy-tay-cam-co-ao-p248660091.html?spid=248660127,23,,,aothun
Áo Thun Nam Có Cổ Phối Sọc Ngang Thời Trang,125.000₫,https://tiki.vn/ao-thun-nam-co-co-phoi-soc-ngang-thoi-trang-p105949496.html?spid=105950034,24,,Đã bán 1,aothun
[A01-011] Áo Thun Nam Tay Ngắn Cổ Tròn Kaibaman T-shirt Nam Cotton Hàn Quốc Form Slimfit Áo Phông Nam Tay Lỡ-KAIBAMAN STORE,194.000,https://tiki.vn/a01-011-ao-thun-nam-tay-ngan-co-tron-kaibaman-t-shirt-nam-cotton-han-quoc-form-slimfit-ao-phong-nam-tay-lo-kaibaman-store-p184767460.html?spid=184767498,25,,,aothun
,,https://tiki.vn/ao-thun-ba-lo-nam-in-nhiet-khong-bong-troc-p83807469.html?spid=83807485,26,,,aothun
"Áo thun phản quang 7 màu hình SATAIMA unisex tay lỡ ( Đen, Trắng )",69.000₫,https://tiki.vn/ao-thun-phan-quang-7-mau-hinh-sataima-unisex-tay-lo-den-trang-p83765260.html?spid=83765329,27,,,aothun
"Siêu giảm giá. Áo thun polo raglan thoát nhiệt Nhật Bản GOKING, siêu thoáng mát, thấm hút mồ hôi, đánh bay cơn nóng mùa hè",99.000₫,https://tiki.vn/ao-thun-polo-thoat-nhiet-nhat-ban-goking-sieu-thoang-mat-tham-hut-mo-hoi-danh-bay-con-nong-mua-he-p56434135.html?spid=56434137,28,,Đã bán 32,aothun
"TOKYO JAPAN, mã G34. Áo thun nam nữ siêu đẹp. Áo phông thoát nhiệt Goking hàng hiệu",99.000₫,https://tiki.vn/tokyo-japan-ma-g34-ao-thun-nam-nu-sieu-dep-ao-phong-thoat-nhiet-goking-hang-hieu-p205968335.html?spid=205968604,29,,Đã bán 1,aothun
Áo khoác jacket ACOVER ullzang dù 2 lớp unisex - Áo khoác nam nữ Ullzang Basic có form rộng XL - OCEAN.CLO,100.000,https://tiki.vn/ao-khoac-jacket-acover-ullzang-du-2-lop-unisex-ao-khoac-nam-nu-ullzang-basic-co-form-rong-xl-ocean-clo-p183079198.html?spid=184590549,30,,,aothun
,,https://tiki.vn/ao-polo-nam-spl03-09-p247658102.html?spid=247658110,31,,,aothun
Áo polo nam màu ghi đậm ADINO vải cotton polyester co giãn dáng công sở slimfit hơi ôm trẻ trung PL46,159.000₫,https://tiki.vn/ao-polo-nam-mau-ghi-dam-adino-vai-cotton-polyester-co-gian-dang-cong-so-slimfit-hoi-om-tre-trung-pl46-p195947792.html?spid=195947794,32,,Đã bán 1,aothun
Áo thun polo nam kẻ sọc ngang cá sấu có cổ bẻ Nexx & Dee trung niên vải cao cấp ND05,155.000₫,https://tiki.vn/ao-thun-polo-nam-ke-soc-ngang-ca-sau-co-co-be-nexx-dee-trung-nien-vai-cao-cap-nd05-p108298038.html?spid=108298048,33,,Đã bán 2,aothun
"Áo Thun nam mẫu mới, ĐB2QC06",189.000₫,https://tiki.vn/ao-thun-nam-ca-sa-u-ma-u-mo-i-db2qc06-p22759457.html?spid=23448579,34,,Đã bán 19,aothun
"Áo thun Nam thương hiệu Btymac Mỹ, cổ bẻ phối màu bắt mắt, chất liệu Poly Fiber nhẹ thoáng mát, ít nhăn , co giãn, thoải mái vận động, màu sắc đa dạng độc đáo, đủ size số từ S-4XL",189.000,https://tiki.vn/ao-thun-nam-thuong-hieu-btymac-my-co-be-phoi-mau-bat-mat-chat-lieu-poly-fiber-nhe-thoang-mat-it-nhan-co-gian-thoai-mai-van-dong-mau-sac-da-dang-doc-dao-du-size-so-tu-s-4xl-p271628359.html?spid=271628391,35,,,aothun
,,https://tiki.vn/ao-thun-nam-maap-transit-tee-p273459313.html?spid=273459315,36,,,aothun
Áo thun nam G-Mark Gunze 5014 (áo có tay cổ tròn size S -M-L-XL) màu trắng,92.000₫,https://tiki.vn/ao-lot-nam-gunze-5014-ao-co-tay-co-tron-size-m-l-xl-mau-trang-p167475004.html?spid=167475010,37,,Đã bán 6,aothun
ÁO THUN THỂ THAO CÓ CỔ VẢI THUN LẠNH BIG SIZE NAM TỚI 130KG MẶC MÁT,180.000₫,https://tiki.vn/a-o-thun-the-thao-co-co-va-i-thun-la-nh-big-size-nam-to-i-130kg-ma-c-ma-t-p179161978.html?spid=179162420,38,,Đã bán 11,aothun
"Áo Thun Nam Ngắn Tay Chandi, Chất Thun Cotton Xịn Mẫu Mới NT18",199.000₫,https://tiki.vn/ao-thun-nam-ngan-tay-chandi-chat-thun-cotton-xin-mau-moi-nt18-p87011090.html?spid=87011094,39,,Đã bán 157,aothun
Áo ba lỗ nam tập gym sát nách EXPLOSIVE BERR GYM hàng đẹp chất lượng,165.000,https://tiki.vn/ao-ba-lo-nam-tap-gym-sat-nach-explosive-berr-gym-hang-dep-chat-luong-p214661301.html?spid=214661309,40,,,aothun
