title,price,link_item,index,discount,sales,brand
Bộ quần áo dài bé gái họa tiết Cổ Bèo Vàng trơn cotton - AICDBGIOJARF - AIN Closet,145.000₫,https://tiki.vn/bo-quan-ao-dai-be-gai-hoa-tiet-co-beo-vang-tron-cotton-aicdbgiojarf-ain-closet-p199053724.html?spid=199053731,1,-31%,Đã bán 2,AIN_Closet
Bộ quần áo dài bé gái họa tiết Hoa Thủy tiên xanh thun da cá - AICDBGKCNPQA - AIN Closet,155.000₫,https://tiki.vn/bo-quan-ao-dai-be-gai-hoa-tiet-hoa-thuy-tien-xanh-thun-da-ca-aicdbgkcnpqa-ain-closet-p178584308.html?spid=178584312,2,-26%,Đã bán 10,AIN_Closet
Bộ quần áo Lửng bé gái họa tiết Vàng quần Hoa cotton - AICDBGMJMBIZ - AIN Closet,155.000₫,https://tiki.vn/bo-quan-ao-lung-be-gai-hoa-tiet-vang-quan-hoa-cotton-aicdbgmjmbiz-ain-closet-p262065179.html?spid=262065183,3,-26%,,AIN_Closet
Bộ quần áo Dài tay ngắn bé gái họa tiết Dâu Cam cotton - AICDBGBJCKT5 - AIN Closet,155.000,https://tiki.vn/bo-quan-ao-dai-tay-ngan-be-gai-hoa-tiet-dau-cam-xo-soi-tre-aicdbgbjckt5-ain-closet-p272619372.html?spid=272619383,4,,,AIN_Closet
,,https://tiki.vn/bo-quan-dai-ao-tay-ngan-be-gai-hoa-tiet-gach-hoa-do-cotton-aicdbgcqzple-ain-closet-p189552895.html?spid=189552909,5,,,AIN_Closet
Bộ quần áo dài bé gái hoạ tiết Mèo cười viền xanh cotton - AICDBTGL88CA - AIN Closet,155.000₫,https://tiki.vn/bo-quan-ao-dai-be-gai-hoa-tiet-meo-cuoi-vien-xanh-cotton-aicdbtgl88ca-ain-closet-p189552528.html?spid=189552541,6,-26%,Đã bán 7,AIN_Closet
Áo khoác có nón bé gái Họa tiết Hoa hồng trắng - AICDBG6CMAOR - AIN Closet,165.000₫,https://tiki.vn/ao-khoac-co-non-be-gai-hoa-tiet-hoa-hong-trang-aicdbg6cmaor-ain-closet-p112169282.html?spid=112169293,7,-20%,Đã bán 2,AIN_Closet
Bộ quần áo Dài bé gái Hồng Nhạt thun cotton - AICDBGS10XI0 - AIN Closet,155.000₫,https://tiki.vn/bo-quan-ao-dai-be-gai-hong-nhat-thun-cotton-aicdbgs10xi0-ain-closet-p273301238.html?spid=273301246,8,-26%,,AIN_Closet
Bộ quần áo dài tay ngắn bé gái họa tiết Mèo Hoa Tím xô muslin - AICDBG0MRENZ - AIN Closet,155.000,https://tiki.vn/bo-quan-ao-dai-tay-ngan-be-gai-hoa-tiet-meo-hoa-tim-xo-muslin-aicdbg0mrenz-ain-closet-p213915051.html?spid=213915053,9,,,AIN_Closet
,,https://tiki.vn/bo-quan-ao-dai-tay-lo-be-gai-hoa-tiet-so-mi-smile-cotton-aicdbggczi60-ain-closet-p190540124.html?spid=190540128,10,,,AIN_Closet
Bộ quần áo Dài bé gái họa tiết Hoa Nhí Hồng cổ sen cotton - AICDBGNFZKOO - AIN Closet,155.000₫,https://tiki.vn/bo-quan-ao-dai-be-gai-hoa-tiet-hoa-nhi-hong-co-sen-cotton-aicdbgnfzkoo-ain-closet-p272962303.html?spid=272962321,11,-26%,,AIN_Closet
Bộ quần áo lửng bé gái họa tiết Cúc Đà Lạt cotton - AICDBGWBULGX - AIN Closet,155.000,https://tiki.vn/bo-quan-ao-lung-be-gai-hoa-tiet-cuc-da-lat-cotton-aicdbgwbulgx-ain-closet-p217740374.html?spid=217740378,12,,,AIN_Closet
,,https://tiki.vn/bo-quan-ao-lung-be-gai-tim-lavender-dui-xuoc-aicdbgb5b6yz-ain-closet-p175431682.html?spid=175431689,13,,,AIN_Closet
Bộ quần áo dài bé gái họa tiết Bi cam xanh xô muslin - AICDBGWGL8MB - AIN Closet,155.000₫,https://tiki.vn/bo-quan-ao-dai-be-gai-hoa-tiet-bi-cam-xanh-xo-muslin-aicdbgwgl8mb-ain-closet-p136067034.html?spid=136067044,14,-26%,Đã bán 1,AIN_Closet
Bộ áo váy ngắn bé gái họa tiết Hoa vàng cotton - AICDBGJJ6HWD - AIN Closet,165.000₫,https://tiki.vn/bo-ao-vay-ngan-be-gai-hoa-tiet-hoa-vang-cotton-aicdbgjj6hwd-ain-closet-p185867011.html?spid=185867018,15,-28%,Đã bán 4,AIN_Closet
Bộ quần áo ngắn bé gái họa tiết Cúc nhí xanh nền trắng cotton - AICDBGHY7LZL - AIN Closet,165.000₫,https://tiki.vn/bo-quan-ao-ngan-be-gai-hoa-tiet-cuc-nhi-xanh-nen-trang-cotton-aicdbghy7lzl-ain-closet-p192548351.html?spid=192548365,16,-23%,,AIN_Closet
Bộ quần áo Lửng bé gái họa tiết hoa Kim Hương Hồng cotton - AICDBGYZ9MFZ - AIN Closet,155.000,https://tiki.vn/bo-quan-ao-lung-be-gai-hoa-tiet-hoa-kim-huong-hong-cotton-aicdbgyz9mfz-ain-closet-p272376432.html?spid=272376440,17,,,AIN_Closet
,,https://tiki.vn/bo-quan-ao-ngan-be-gai-hoa-tiet-keo-vien-xanh-cotton-aicdbgzz8ezf-ain-closet-p273355688.html?spid=273355701,18,,,AIN_Closet
Bộ quần áo Dài tay ngắn bé gái họa tiêt Em Bé Hồng cotton - AICDBGL97M1K - AIN Closet,155.000₫,https://tiki.vn/bo-quan-ao-dai-tay-ngan-be-gai-hoa-tiet-em-be-hong-cotton-aicdbgl97m1k-ain-closet-p272619286.html?spid=272619339,19,-26%,,AIN_Closet
Đầm bé gái họa tiết Đóa Tulip cổ nơ hồng cotton - AICDBGW1XQHI - AIN Closet,175.000₫,https://tiki.vn/dam-be-gai-hoa-tiet-doa-tulip-co-no-hong-cotton-aicdbgw1xqhi-ain-closet-p273497492.html?spid=273497500,20,-27%,,AIN_Closet
Bộ quần áo Lửng bé gái họa tiết hoa Đồng Nội viền hồng cotton - AICDBGWT548E - AIN Closet,155.000₫,https://tiki.vn/bo-quan-ao-lung-be-gai-hoa-tiet-hoa-dong-noi-vien-hong-cotton-aicdbgwt548e-ain-closet-p272474394.html?spid=272474400,21,-26%,,AIN_Closet
Bộ quần áo ngắn bé gái họa tiết Hoàng Tử Bé hồng cotton - AICDBGZCVXGY - AIN Closet,145.000₫,https://tiki.vn/bo-quan-ao-ngan-be-gai-hoa-tiet-hoang-tu-be-hong-cotton-aicdbgzcvxgy-ain-closet-p217740299.html?spid=217740303,22,-26%,Đã bán 2,AIN_Closet
Đầm bé gái họa tiết Gấu Donut Vàng cotton - AICDBGOPFCRA - AIN Closet,175.000₫,https://tiki.vn/dam-be-gai-hoa-tiet-gau-donut-vang-cotton-aicdbgopfcra-ain-closet-p273497369.html?spid=273497379,23,-27%,,AIN_Closet
Bộ quần áo Dài bé gái họa tiết Quả Dâu Quần Cam cotton - AICDBGSYF1R5 - AIN Closet,155.000₫,https://tiki.vn/bo-quan-ao-dai-be-gai-hoa-tiet-qua-dau-quan-cam-cotton-aicdbgsyf1r5-ain-closet-p273133814.html?spid=273133830,24,-26%,,AIN_Closet
Bộ quần áo Dài bé gái họa tiết Hoa Li Ti cotton - AICDBGA7514F - AIN Closet,155.000,https://tiki.vn/bo-quan-ao-dai-be-gai-hoa-tiet-hoa-li-ti-cotton-aicdbga7514f-ain-closet-p272376369.html?spid=272376376,25,,,AIN_Closet
,,https://tiki.vn/bo-quan-ao-ngan-be-gai-hoa-tiet-bing-chilling-hong-cotton-aicdbgpb2fjz-ain-closet-p272474424.html?spid=272474428,26,,,AIN_Closet
Bộ quần áo Ngắn bé gái họa tiết Hoa Nhí Đồng Quê Đỏ cotton - AICDBGIFOM0U - AIN Closet,155.000₫,https://tiki.vn/bo-quan-ao-ngan-be-gai-hoa-tiet-hoa-nhi-dong-que-do-cotton-aicdbgifom0u-ain-closet-p272474304.html?spid=272474312,27,-24%,,AIN_Closet
Bộ quần áo lửng bé gái họa tiết Kẻ cam cotton thêu quần kem - AICDBGNQVNQA - AIN Closet,155.000₫,https://tiki.vn/bo-quan-ao-lung-be-gai-hoa-tiet-ke-cam-cotton-theu-quan-kem-aicdbgnqvnqa-ain-closet-p183690675.html?spid=183690690,28,-31%,Đã bán 4,AIN_Closet
Bộ quần áo Dài bé gái họa tiết Kỳ Lân Hồng thun cotton - AICDBG2VX3FG - AIN Closet,145.000₫,https://tiki.vn/bo-quan-ao-dai-be-gai-hoa-tiet-ky-lan-hong-thun-cotton-aicdbg2vx3fg-ain-closet-p273355761.html?spid=273355769,29,-26%,,AIN_Closet
Bộ quần áo lửng bé trai tím họa tiết Caro đỏ cotton - AICDBGIEYCXW - AIN Closet,175.000,https://tiki.vn/bo-quan-ao-lung-be-trai-tim-hoa-tiet-caro-do-cotton-aicdbgieycxw-ain-closet-p212990947.html?spid=212990957,30,,,AIN_Closet
,,https://tiki.vn/bo-quan-ao-dai-be-gai-hoa-tiet-tho-flower-cam-cotton-aicdbgcnlfhj-ain-closet-p273133740.html?spid=273133752,31,,,AIN_Closet
Bộ áo váy ngắn bé gái họa tiết Hoa Hồng Xanh Jane Green cotton - AICDBGXZNB99 - AIN Closet,165.000₫,https://tiki.vn/bo-ao-vay-ngan-be-gai-hoa-tiet-hoa-hong-xanh-jane-green-cotton-aicdbgxznb99-ain-closet-p208660792.html?spid=208660794,32,-28%,,AIN_Closet
Bộ quần áo Dài tay ngắn bé gái họa tiết Tulip Viền đỏ cotton - AICDBGUDSXMT - AIN Closet,155.000₫,https://tiki.vn/bo-quan-ao-dai-tay-ngan-be-gai-hoa-tiet-tulip-vien-do-cotton-aicdbgudsxmt-ain-closet-p273679719.html?spid=273679728,33,-26%,,AIN_Closet
Áo khoác bé gái họa tiết Thỏ Thêu Hồng chần bông - AICDBGO0JCHU - AIN Closet,310.000₫,https://tiki.vn/ao-khoac-be-gai-hoa-tiet-tho-theu-hong-chan-bong-aicdbgo0jchu-ain-closet-p273301146.html?spid=273301157,34,-23%,,AIN_Closet
Bộ Áo Dài bé gái họa tiết Đào Nhí Hồng tơ lụa - AICDBGJEVPK8 - AIN Closet,350.000,https://tiki.vn/bo-ao-dai-be-gai-hoa-tiet-dao-nhi-hong-to-lua-aicdbgjevpk8-ain-closet-p273355730.html?spid=273355737,35,,Đã bán 1,AIN_Closet
,,https://tiki.vn/bo-quan-ao-dai-be-trai-hoa-tiet-chim-canh-cut-ke-xanh-thun-cotton-aicdbt4ptojk-ain-closet-p273133844.html?spid=273133850,36,,,AIN_Closet
Bộ quần áo Ngắn bé gái họa tiết Honey Bear Cam cotton - AICDBGTCFEKJ - AIN Closet,165.000₫,https://tiki.vn/bo-quan-ao-ngan-be-gai-hoa-tiet-honey-bear-cam-cotton-aicdbgtcfekj-ain-closet-p272282970.html?spid=272282982,37,-20%,,AIN_Closet
Bộ quần áo Lửng bé gái họa tiết Dâu Vàng cotton - AICDBGWGTBE5 - AIN Closet,210.000₫,https://tiki.vn/bo-quan-ao-lung-be-gai-hoa-tiet-dau-vang-cotton-aicdbgwgtbe5-ain-closet-p273916148.html?spid=273916161,38,-26%,,AIN_Closet
Bộ quần áo Dài bé gái Đỏ Đính Nơ thun cotton - AICDBGWNO4JZ - AIN Closet,155.000₫,https://tiki.vn/bo-quan-ao-dai-be-gai-do-dinh-no-thun-cotton-aicdbgwno4jz-ain-closet-p273355613.html?spid=273355627,39,,,AIN_Closet
Áo dài váy bé gái họa tiết Tulip Hồng cotton - AICDBG7FQ2YS - AIN Closet,230.000,https://tiki.vn/ao-dai-vay-be-gai-hoa-tiet-tulip-hong-cotton-aicdbg7fq2ys-ain-closet-p271408145.html?spid=271408151,40,,,AIN_Closet
