title,price,link_item,index,discount,sales,brand
"Áo sơ mi nam trơn tay dài cao cấp Lados - 779 chất kate lụa mềm mát, thấm hút mồ hôi",139.000₫,https://tiki.vn/ao-so-mi-nam-tron-tay-dai-cao-cap-lados-779-chat-kate-lua-mem-mat-tham-hut-mo-hoi-p124635780.html?spid=124635794,1,-41%,Đã bán 3.2k,LADOS
"Quần Jean nam basic cao cấp LADOS - 4035 form slimfit, vải đẹp",265.000₫,https://tiki.vn/quan-jean-nam-basic-cao-cap-lados-4035-form-slimfit-vai-dep-p126700166.html?spid=126700196,2,-47%,Đã bán 646,LADOS
"Áo sơ mi nam trơn không nhăn LADOS - 523, Chất vải mềm mát, thấm hút mồ hôi tốt, form slimfit",116.000₫,https://tiki.vn/ao-so-mi-nam-tron-khong-nhan-lados-523-chat-vai-mem-mat-tham-hut-mo-hoi-tot-form-slimfit-p126146318.html?spid=126146414,3,-35%,Đã bán 542,LADOS
"[COMBO 3 QUẦN] Quần Lót Nam Boxer Thun Lạnh Lados 4116 - Thun lụa co giãn, dai, thoáng mát, thấm hút mồ hôi tốt",95.000₫,https://tiki.vn/quan-lot-nam-boxer-thun-lanh-lados-4116-thun-lua-co-gian-dai-thoang-mat-tham-hut-mo-hoi-tot-p168224742.html?spid=168224748,4,,,LADOS
,,https://tiki.vn/ao-khoac-du-2-mat-chong-nuoc-lados-2027-form-dep-chong-nang-chong-nuoc-tot-p125800026.html?spid=125800056,5,,,LADOS
"[COMBO 3 QUẦN] Quần Lót Nam Thun Lạnh Lados 4115 - Thun lụa co giãn 4 chiều, siêu mềm, siêu thoải mái",75.000₫,https://tiki.vn/quan-lot-nam-thun-lanh-lados-4115-thun-lua-co-gian-4-chieu-sieu-mem-sieu-thoai-mai-p168224759.html?spid=168224772,6,-46%,Đã bán 236,LADOS
Áo Sơ Mi Trơn Vải Lụa Tay Ngắn Cho Nam LADOS - 8069,107.000₫,https://tiki.vn/ao-so-mi-tron-vai-lua-tay-ngan-cho-nam-lados-8069-p163149118.html?spid=163149132,7,-46%,Đã bán 369,LADOS
"Quần Jeans nam trơn cao cấp form đứng LADOS-4084 co giãn, không ra màu, hàng chính hãng",285.000₫,https://tiki.vn/quan-jeans-nam-tron-cao-cap-form-dung-lados-4084-co-gian-khong-ra-mau-hang-chinh-hang-p199519478.html?spid=199519504,8,-37%,Đã bán 54,LADOS
"Áo khoác dạ nam phong cách Hàn Quốc cao cấp LADOS-2061 ấm áp, sang trọng, dễ phối đồ",369.000,https://tiki.vn/ao-khoac-da-nam-phong-cach-han-quoc-cao-cap-lados-2061-am-ap-sang-trong-de-phoi-do-p201384530.html?spid=201384613,9,,,LADOS
,,https://tiki.vn/quan-tay-nam-chat-luong-lados-327-chat-vai-day-dan-co-gian-nhe-form-slimfit-p124638185.html?spid=124638229,10,,,LADOS
"Áo khoác dù nam 2 mặt chống Nước LADOS cao cấp - 22027 , Form đẹp, chống nắng, chống nước tốt",229.000₫,https://tiki.vn/ao-khoac-du-nam-2-mat-chong-nuoc-lados-cao-cap-22027-form-dep-chong-nang-chong-nuoc-tot-p148600532.html?spid=148600591,11,-40%,Đã bán 133,LADOS
"Quần jean nam co giãn cao cấp trơn Lados-4068 Form slimfit chuẩn, thoải mái, không xù lông, ra màu",256.000,https://tiki.vn/quan-jean-nam-co-gian-cao-cap-tron-lados-4068-form-slimfit-chuan-thoai-mai-khong-xu-long-ra-mau-p181114097.html?spid=181114105,12,,,LADOS
,,https://tiki.vn/ao-khoac-nam-nhung-tam-cao-cap-co-tui-trong-lados-2052-form-dep-tre-trung-sang-trong-p219151537.html?spid=219151539,13,,,LADOS
Quần tây cao cấp dài LADOS - 1327 - Hàng chất lượng ( ẢNH THẬT) chất dày dặn co giãn nhẹ thoải mái,199.000₫,https://tiki.vn/quan-tay-cao-cap-dai-lados-1327-hang-chat-luong-anh-that-chat-day-dan-co-gian-nhe-thoai-mai-p126701222.html?spid=126701252,14,-43%,Đã bán 213,LADOS
Quần kaki dài nam chất vải cotton có giãn siêu đẹp LADOS - 4032 thiết kế tôn dáng trẻ trung,279.000₫,https://tiki.vn/quan-kaki-dai-nam-chat-vai-cotton-co-gian-sieu-dep-lados-4032-thiet-ke-ton-dang-tre-trung-p126209464.html?spid=176932925,15,-26%,Đã bán 157,LADOS
"Áo thun tank top nam trơn LADOS-9085 vải cotton siêu mát mẻ,tập gym, chạy bộ, đi chơi",169.000₫,https://tiki.vn/ao-thun-tank-top-nam-tron-lados-9085-vai-cotton-sieu-mat-me-tap-gym-chay-bo-di-choi-p178058271.html?spid=178058321,16,-6%,Đã bán 4,LADOS
"Quần short jeans nam cao cấp LADOS 4090 vải dày đẹp, không bay màu, năng động, dễ phối đồ",319.000,https://tiki.vn/quan-short-jeans-nam-cao-cap-lados-4033-vai-day-dep-khong-bay-mau-nang-dong-de-phoi-do-p185524989.html?spid=249575484,17,,,LADOS
,,https://tiki.vn/ao-da-bomber-nam-form-han-cao-cap-lot-du-lados-2075-lot-du-tui-trong-rong-rai-sang-trong-p208070329.html?spid=208070337,18,,,LADOS
"Quần tây âu nam dài vải cao cấp co giãn LADOS - 4091 kiểu dáng basic, Hàn Quốc, lịch lãm, trẻ trung",259.000₫,https://tiki.vn/quan-tay-au-nam-dai-vai-cao-cap-co-gian-lados-4091-kieu-dang-basic-han-quoc-lich-lam-tre-trung-p249482866.html?spid=249482896,19,-35%,Đã bán 14,LADOS
"Quần kaki dài nam cao cấp form đẹp LADOS-4069 vải kaki co giãn, không bay màu",279.000₫,https://tiki.vn/quan-kaki-dai-nam-cao-cap-form-dep-lados-4069-vai-kaki-co-gian-khong-bay-mau-p178058273.html?spid=178058340,20,-15%,Đã bán 36,LADOS
"Quần đùi kate nam trơn co giãn có túi LADOS - 4071 thoáng mát, nhiều màu sắc lựa chọn",79.000₫,https://tiki.vn/quan-dui-kate-nam-tron-co-gian-co-tui-lados-4071-thoang-mat-nhieu-mau-sac-lua-chon-p181114107.html?spid=181114160,21,-39%,Đã bán 49,LADOS
"Quần short thun nam thể thao có túi LADOS - 4060 năng động, mặc ở nhà, đi chơi, tập gym",129.000₫,https://tiki.vn/quan-short-thun-nam-the-thao-co-tui-lados-4060-nang-dong-mac-o-nha-di-choi-tap-gym-p169908972.html?spid=169908977,22,-38%,Đã bán 33,LADOS
"Áo sơ mi lụa nam dài tay có túi cao cấp LADOS 8097 co giãn nhẹ, thấm hút",219.000₫,https://tiki.vn/ao-so-mi-lua-nam-dai-tay-co-tui-cao-cap-lados-8097-co-gian-nhe-tham-hut-p208125217.html?spid=208125223,23,-27%,Đã bán 6,LADOS
"Áo sơ mi dài tay nam vải chéo Hàn cao cấp LADOS - 8107 không nhăn, form đẹp",159.000₫,https://tiki.vn/ao-so-mi-dai-tay-nam-vai-cheo-han-cao-cap-lados-8107-khong-nhan-form-dep-p249482932.html?spid=249482959,24,-47%,Đã bán 4,LADOS
"Áo sơ mi khoác tay dài nam nhung tăm form đứng Lados - 8105 trẻ trung, dễ phối đồ, Hàn Quốc",229.000,https://tiki.vn/ao-so-mi-khoac-tay-dai-nam-nhung-tam-form-dung-lados-8105-tre-trung-de-phoi-do-han-quoc-p219151469.html?spid=219151491,25,,,LADOS
,,https://tiki.vn/ao-khoac-kaki-cao-cap-lados-2045-nut-bam-tre-trung-may-2-lop-cao-cap-p208073820.html?spid=208073846,26,,,LADOS
"Áo thun cotton họa tiết hoa hồng LADOS - 9078, màu sắc tươi trẻ, phù hợp cả đi làm đi chơi",179.000₫,https://tiki.vn/ao-thun-cotton-hoa-tiet-hoa-hong-lados-9078-mau-sac-tuoi-tre-phu-hop-ca-di-lam-di-choi-p172587046.html?spid=172587050,27,-49%,Đã bán 12,LADOS
"Áo thun polo nam thể thao LADOS - 9080 có cổ bẻ, vải thun lạnh, phông rộng",139.000₫,https://tiki.vn/ao-thun-polo-nam-the-thao-lados-9080-co-co-be-vai-thun-lanh-phong-rong-p172305521.html?spid=172305529,28,-44%,Đã bán 353,LADOS
"Quần Jean nam Cao Cấp LADOS - 4048 Chất Jean dày mềm ,Co Giãn tốt, form slimfit",315.000₫,https://tiki.vn/quan-jean-nam-cao-cap-lados-4048-chat-jean-day-mem-co-gian-tot-form-slimfit-p163149238.html?spid=163149259,29,-23%,Đã bán 14,LADOS
Áo khoác dù 2 mặt 2 lớp chống trượt nước Lados - 2015 form unisex trẻ trung đơn dễ phối,229.000,https://tiki.vn/ao-khoac-du-2-mat-2-lop-chong-truot-nuoc-lados-2015-form-unisex-tre-trung-don-de-phoi-p121622214.html?spid=121622216,30,,,LADOS
,,https://tiki.vn/ao-khoac-jeans-day-dan-form-dep-cuc-nam-tinh-lados-2033-p126700253.html?spid=203862084,31,,,LADOS
"Áo thun nam có cổ trơn cao cấp LADOS-9084 vải poli siêu mát mẻ, thấm hút mồ hôi tốt, form đẹp",139.000₫,https://tiki.vn/ao-thun-nam-co-co-tron-cao-cap-lados-9084-vai-poli-sieu-mat-me-tham-hut-mo-hoi-tot-form-dep-p178058234.html?spid=178058266,32,-30%,Đã bán 41,LADOS
"Áo thun polo nam có cổ co giãn LADOS 9111 form đẹp, vải poly mát mẻ, thấm hút, sọc vai sang trọng",159.000₫,https://tiki.vn/ao-thun-polo-nam-co-co-co-gian-lados-9111-form-dep-vai-poly-mat-me-tham-hut-soc-vai-sang-trong-p198194893.html?spid=198194917,33,-39%,Đã bán 4,LADOS
"Áo khoác dù nam chống thấm hàng chính hãng LADOS-2060 có túi trong rộng rãi, form rộng, đẹp, thời trang",259.000₫,https://tiki.vn/ao-khoac-du-nam-chong-tham-hang-chinh-hang-lados-2060-co-tui-trong-rong-rai-form-rong-dep-thoi-trang-p201384633.html?spid=201384647,34,-40%,Đã bán 5,LADOS
"Áo thun cổ tròn vải xịn, form đẹp Lados - 29021, unisex, chất thun 100% cotton 4 chiều, không ra màu, không xù lông",103.000,https://tiki.vn/ao-thun-co-tron-vai-xin-form-dep-lados-29021-unisex-chat-thun-100-cotton-4-chieu-khong-ra-mau-khong-xu-long-p126596446.html?spid=126596460,35,,,LADOS
,,https://tiki.vn/ao-khoac-jean-nam-xanh-dam-phong-cach-thoi-trang-lados-2078-ca-tinh-de-phoi-do-cao-cap-p208070120.html?spid=208070128,36,,,LADOS
"Quần đùi thun nam mặc nhà Lados - 4045 chất liệu co giãn thoáng mát, mặc nhà màu đen",75.000₫,https://tiki.vn/quan-dui-thun-nam-mac-nha-lados-4045-chat-lieu-co-gian-thoang-mat-mac-nha-mau-den-p193212355.html?spid=193212357,37,-42%,Đã bán 28,LADOS
"Áo polo nam có cổ cao cấp LADOS-9089 thêu đầu hươu, phối 2 màu trắng đen sang trọng, thoáng khí siêu mát mẻ",169.000₫,https://tiki.vn/ao-polo-nam-co-co-cao-cap-lados-9089-theu-dau-huou-phoi-2-mau-trang-den-sang-trong-thoang-khi-sieu-mat-me-p181113990.html?spid=181114000,38,-47%,Đã bán 40,LADOS
"Áo sơ mi nam dài tay không cúc vải lụa chéo không nhăn LADOS-8122 thời trang Hàn Quốc, form trẻ trung, lịch lãm",159.000₫,https://tiki.vn/ao-so-mi-nam-dai-tay-khong-cuc-vai-lua-cheo-khong-nhan-lados-8122-thoi-trang-han-quoc-form-tre-trung-lich-lam-p262514843.html?spid=262514925,39,-47%,Đã bán 5,LADOS
"Áo khoác dù nam bo chun có túi trong cao cấp LADOS 2053 chống thấm tốt, form Hàn",250.000,https://tiki.vn/ao-khoac-du-nam-bo-chun-co-tui-trong-cao-cap-lados-2053-chong-tham-tot-form-han-p198194934.html?spid=198194948,40,,Đã bán 1,LADOS
